1.038273
0.162990
0.074574
0.075778
0.086247
0.084161
0.080640
0.075689
0.076451
0.071242
0.080923
0.152218
0.085719
0.082810
0.067132
0.062891
0.062385
0.061595
0.058588
0.060020
0.058489
0.061411
0.060043
0.064119
0.068625
0.064627
0.063034
0.067977
0.065869
0.076388
0.074676
0.068529
0.069312
0.074232
0.067394
0.067516
0.064138
0.080022
0.063994
0.067328
0.081542
0.083848
0.067444
0.067173
0.065878
0.065921
0.064231
0.064459
0.066127
0.075345
0.064605
0.066157
0.068364
0.069825
0.074849
0.066625
0.071672
0.068087
0.070308
0.071142
0.075603
0.075527
0.083092
0.072075
0.075581
0.067381
0.071786
0.071446
0.063651
0.065639
0.069776
0.063677
0.063836
0.064873
0.064735
0.067973
0.073573
0.067257
0.080832
0.097915
0.071214
0.065431
0.064462
0.061247
0.063951
0.065731
0.124565
0.063904
0.073348
0.075895
0.072087
0.074586
0.073646
0.071993
0.067455
0.067309
0.070451
0.066285
0.064174
0.067821
0.070592
0.069670
0.069034
0.070557
0.133631
0.064249
0.065935
0.088223
0.088123
0.077132
0.080873
0.105260
0.092928
0.075552
0.068343
0.073828
0.070364
0.066946
0.073037
0.068285
